ARS20190301082039.BILL;1;114714121;10016405;114714121;00418963;31.03.20190;01.03.2019;31.03.2019;9 737,43;0,00;0,00;0,00;0;0,00;0,00;9 737,43;0,00;
ARS20190301082039.BILL;2;114714133;10030605;114714133;00418964;31.03.20190;01.03.2019;31.03.2019;-9 426,86;0,00;0,00;0,00;0;0,00;0,00;-9 426,86;9 426,86;
ARS20190301082039.BILL;3;114714143;10035505;114714143;00418965;31.03.20190;01.03.2019;31.03.2019;1 982,32;0,00;0,00;0,00;0;0,00;0,00;1 982,32;0,00;
ARS20190301082039.BILL;4;114714164;10048105;114714164;00418966;31.03.20190;01.03.2019;31.03.2019;0,04;0,00;0,00;0,00;0;0,00;0,00;0,04;0,00;
ARS20190301082039.BILL;5;114714174;10058205;114714174;00418968;31.03.20190;01.03.2019;31.03.2019;9 999,95;0,00;0,00;0,00;0;0,00;0,00;9 999,95;0,00;
ARS20190301082039.BILL;6;114714179;10060305;114714179;00418969;31.03.20190;01.03.2019;31.03.2019;-6 005,57;0,00;0,00;0,00;0;0,00;0,00;-6 005,57;6 005,57;
ARS20190301082039.BILL;7;114714182;10062105;114714182;00418970;31.03.20190;01.03.2019;31.03.2019;0,18;0,00;0,00;0,00;0;0,00;0,00;0,18;0,00;
ARS20190301082039.BILL;8;114714183;10062605;114714183;00418971;31.03.20190;01.03.2019;31.03.2019;-59 725,49;0,00;0,00;0,00;0;0,00;0,00;-59 725,49;59 725,49;
ARS20190301082039.BILL;9;114714207;10083605;114714207;00418973;31.03.20190;01.03.2019;31.03.2019;0,00;0,00;0,00;0,00;0;0,00;0,00;0,00;0,00;
ARS20190301082039.BILL;10;114714219;10091405;114714219;00418976;31.03.20190;01.03.2019;31.03.2019;-459,77;6 000,00;0,00;0,00;5;2 735,67;0,00;2 244,56;0,00;
ARS20190301082039.BILL;11;114714243;10101005;114714243;00418977;31.03.20190;01.03.2019;31.03.2019;54,66;0,00;0,00;0,00;0;0,00;0,00;54,66;0,00;
ARS20190301082039.BILL;12;114714255;10105905;114714255;00418978;31.03.20190;01.03.2019;31.03.2019;0,02;0,00;0,00;0,00;0;0,00;0,00;0,02;0,00;
ARS20190301082039.BILL;13;114714257;10106205;114714257;00418979;31.03.20190;01.03.2019;31.03.2019;728,49;0,00;0,00;0,00;0;0,00;0,00;728,49;0,00;
ARS20190301082039.BILL;14;114714284;10213805;114714284;00418982;31.03.20190;01.03.2019;31.03.2019;-639 376,18;0,00;0,00;0,00;0;896,48;0,00;-640 272,66;640 272,66;
ARS20190301082039.BILL;15;114714289;10216905;114714289;00418983;31.03.20190;01.03.2019;31.03.2019;-19 935,93;0,00;0,00;0,00;0;0,00;0,00;-19 935,93;19 935,93;
ARS20190301082039.BILL;16;114714301;10223405;114714301;00418984;31.03.20190;01.03.2019;31.03.2019;7,95;0,00;0,00;0,00;0;0,00;0,00;7,95;0,00;
ARS20190301082039.BILL;17;114714309;10229505;114714309;00418985;31.03.20190;01.03.2019;31.03.2019;135,45;0,00;0,00;0,00;0;0,00;0,00;135,45;0,00;
ARS20190301082039.BILL;18;114714310;10230405;114714310;00418986;31.03.20190;01.03.2019;31.03.2019;-47 428,91;0,00;0,00;0,00;0;0,00;0,00;-47 428,91;47 428,91;
ARS20190301082039.BILL;19;114714316;10239105;114714316;00418987;31.03.20190;01.03.2019;31.03.2019;2 000,47;0,00;0,00;0,00;0;0,00;0,00;2 000,47;0,00;
ARS20190301082039.BILL;20;114714322;10245205;114714322;00418988;31.03.20190;01.03.2019;31.03.2019;-230 843,35;0,00;0,00;0,00;0;0,00;0,00;-230 843,35;230 843,35;
ARS20190301082039.BILL;21;114714340;10257205;114714340;00418989;31.03.20190;01.03.2019;31.03.2019;-28 092,09;0,00;0,00;0,00;0;8 002,00;0,00;-36 094,09;36 094,09;
ARS20190301082039.BILL;22;114714356;10267705;114714356;00418990;31.03.20190;01.03.2019;31.03.2019;33,60;0,00;0,00;0,00;0;0,00;0,00;33,60;0,00;
ARS20190301082039.BILL;23;114714377;10377305;114714377;00418991;31.03.20190;01.03.2019;31.03.2019;4 995,21;0,00;0,00;0,00;0;0,00;0,00;4 995,21;0,00;
ARS20190301082039.BILL;24;114714482;10446805;114714482;00418992;31.03.20190;01.03.2019;31.03.2019;-2 568,94;0,00;0,00;0,00;0;0,00;0,00;-2 568,94;2 568,94;
ARS20190301082039.BILL;25;114714536;10478205;114714536;00418994;31.03.20190;01.03.2019;31.03.2019;0,00;0,00;0,00;0,00;0;0,00;0,00;0,00;0,00;
ARS20190301082039.BILL;26;114714588;10508705;114714588;00418995;31.03.20190;01.03.2019;31.03.2019;440,41;0,00;0,00;0,00;0;0,00;0,00;440,41;0,00;
ARS20190301082039.BILL;27;114714644;10538305;114714644;00418997;31.03.20190;01.03.2019;31.03.2019;-17 908,91;0,00;0,00;0,00;0;0,00;0,00;-17 908,91;17 908,91;
ARS20190301082039.BILL;28;114714676;10558505;114714676;00418999;31.03.20190;01.03.2019;31.03.2019;5 120,79;5 000,00;0,00;0,00;0;2 000,00;0,00;8 120,79;0,00;
ARS20190301082039.BILL;29;114714683;10560305;114714683;00419000;31.03.20190;01.03.2019;31.03.2019;-193 453,74;0,00;0,00;0,00;0;115,03;0,00;-193 568,77;193 568,77;
ARS20190301082039.BILL;30;114714793;10623805;114714793;00419001;31.03.20190;01.03.2019;31.03.2019;1 202,00;0,00;0,00;0,00;0;0,00;0,00;1 202,00;0,00;
ARS20190301082039.BILL;31;114714818;10637005;114714818;00419002;31.03.20190;01.03.2019;31.03.2019;-668 312,39;0,00;0,00;0,00;0;0,00;0,00;-668 312,39;668 312,39;
ARS20190301082039.BILL;32;114714842;10654905;114714842;00419003;31.03.20190;01.03.2019;31.03.2019;5 000,00;0,00;0,00;0,00;0;0,00;0,00;5 000,00;0,00;
ARS20190301082039.BILL;33;114714895;10689605;114714895;00419004;31.03.20190;01.03.2019;31.03.2019;132,21;0,00;0,00;0,00;0;116,41;0,00;15,80;0,00;
ARS20190301082039.BILL;34;114714903;10693405;114714903;00419005;31.03.20190;01.03.2019;31.03.2019;-4 833,17;2 590,00;0,00;0,00;0;2 590,00;0,00;-4 833,17;4 833,17;
ARS20190301082039.BILL;35;114714908;10697005;114714908;00419006;31.03.20190;01.03.2019;31.03.2019;2 538,97;0,00;0,00;0,00;0;0,00;0,00;2 538,97;0,00;
ARS20190301082039.BILL;36;114714922;10703805;114714922;00419007;31.03.20190;01.03.2019;31.03.2019;-1 404,29;0,00;0,00;0,00;0;0,00;0,00;-1 404,29;1 404,29;
ARS20190301082039.BILL;37;114714927;10705605;114714927;00419008;31.03.20190;01.03.2019;31.03.2019;-3 258,09;5 500,00;0,00;0,00;0;10 251,51;0,00;-8 009,60;8 009,60;
ARS20190301082039.BILL;38;114715014;10756005;114715014;00419010;31.03.20190;01.03.2019;31.03.2019;-33 039,00;33 039,00;0,00;0,00;0;147,00;16 500,00;-16 647,00;16 647,00;
ARS20190301082039.BILL;39;114715093;10800505;114715093;00419011;31.03.20190;01.03.2019;31.03.2019;-72 222,85;0,00;0,00;0,00;0;1 550,00;0,00;-73 772,85;73 772,85;
ARS20190301082039.BILL;40;114715158;10831805;114715158;00419012;31.03.20190;01.03.2019;31.03.2019;0,00;0,00;0,00;0,00;0;0,00;0,00;0,00;0,00;
ARS20190301082039.BILL;41;114715177;10842305;114715177;00419013;31.03.20190;01.03.2019;31.03.2019;-29 561,12;0,00;0,00;0,00;0;0,00;0,00;-29 561,12;29 561,12;
ARS20190301082039.BILL;42;114715235;10880105;114715235;00419014;31.03.20190;01.03.2019;31.03.2019;-212 152,39;0,00;0,00;0,00;0;2 065,12;0,00;-214 217,51;214 217,51;
ARS20190301082039.BILL;43;114715274;10898305;114715274;00419016;31.03.20190;01.03.2019;31.03.2019;-5 183,62;2 900,00;0,00;0,00;0;3 024,00;0,00;-5 307,62;5 307,62;
ARS20190301082039.BILL;44;114715306;10910805;114715306;00419017;31.03.20190;01.03.2019;31.03.2019;125,00;780,00;0,00;0,00;0;810,00;0,00;95,00;0,00;
ARS20190301082039.BILL;45;114715516;11050305;114715516;00419021;31.03.20190;01.03.2019;31.03.2019;0,00;0,00;0,00;0,00;0;0,00;0,00;0,00;0,00;
ARS20190301082039.BILL;46;114715595;11101905;114715595;00419022;31.03.20190;01.03.2019;31.03.2019;3 500,00;0,00;0,00;0,00;0;0,00;0,00;3 500,00;0,00;
ARS20190301082039.BILL;47;114715616;11114505;114715616;00419023;31.03.20190;01.03.2019;31.03.2019;-0,01;0,00;0,00;0,00;0;0,00;0,00;-0,01;0,01;
ARS20190301082039.BILL;48;114715683;11157305;114715683;00419024;31.03.20190;01.03.2019;31.03.2019;1 076,14;0,00;0,00;0,00;0;0,00;0,00;1 076,14;0,00;
ARS20190301082039.BILL;49;114715702;11171905;114715702;00419025;31.03.20190;01.03.2019;31.03.2019;-347,23;0,00;0,00;0,00;0;0,00;0,00;-347,23;347,23;
ARS20190301082039.BILL;50;114715736;11191205;114715736;00419026;31.03.20190;01.03.2019;31.03.2019;-7 178,18;0,00;0,00;0,00;0;0,00;0,00;-7 178,18;7 178,18;
ARS20190301082039.BILL;51;114715839;11263405;114715839;00419027;31.03.20190;01.03.2019;31.03.2019;-3 216,21;0,00;0,00;0,00;0;0,00;0,00;-3 216,21;3 216,21;
ARS20190301082039.BILL;52;114715909;11303505;114715909;00419028;31.03.20190;01.03.2019;31.03.2019;2 808,90;0,00;0,00;0,00;0;0,00;0,00;2 808,90;0,00;
ARS20190301082039.BILL;53;114715933;11324405;114715933;00419029;31.03.20190;01.03.2019;31.03.2019;162,07;0,00;0,00;0,00;0;0,00;0,00;162,07;0,00;
ARS20190301082039.BILL;54;114715965;11344305;114715965;00419030;31.03.20190;01.03.2019;31.03.2019;-5 596,77;0,00;0,00;0,00;0;0,00;0,00;-5 596,77;5 596,77;
ARS20190301082039.BILL;55;114715979;11352305;114715979;00419031;31.03.20190;01.03.2019;31.03.2019;144,35;0,00;0,00;0,00;0;0,00;0,00;144,35;0,00;
ARS20190301082039.BILL;56;114715997;11363005;114715997;00419032;31.03.20190;01.03.2019;31.03.2019;-165 026,96;0,00;0,00;0,00;0;0,00;0,00;-165 026,96;165 026,96;
ARS20190301082039.BILL;57;114716208;20037105;114716208;00419036;31.03.20190;01.03.2019;31.03.2019;63,00;0,00;0,00;0,00;0;0,00;0,00;63,00;0,00;
ARS20190301082039.BILL;58;114716231;20050505;114716231;00419038;31.03.20190;01.03.2019;31.03.2019;-971,80;0,00;0,00;0,00;0;0,00;0,00;-971,80;971,80;
ARS20190301082039.BILL;59;114716241;20053605;114716241;00419039;31.03.20190;01.03.2019;31.03.2019;-211 921,63;0,00;0,00;0,00;0;0,00;0,00;-211 921,63;211 921,63;
ARS20190301082039.BILL;60;114716260;20062605;114716260;00419041;31.03.20190;01.03.2019;31.03.2019;0,00;0,00;0,00;0,00;0;0,00;0,00;0,00;0,00;
ARS20190301082039.BILL;61;114716279;20069505;114716279;00419042;31.03.20190;01.03.2019;31.03.2019;1 332,66;0,00;0,00;0,00;0;0,00;0,00;1 332,66;0,00;
ARS20190301082039.BILL;62;114716320;20094305;114716320;00419045;31.03.20190;01.03.2019;31.03.2019;-4 000,00;4 000,00;0,00;0,00;0;4 000,00;0,00;-4 000,00;4 000,00;
ARS20190301082039.BILL;63;114716324;20095905;114716324;00419046;31.03.20190;01.03.2019;31.03.2019;0,00;0,00;0,00;0,00;0;0,00;0,00;0,00;0,00;
ARS20190301082039.BILL;64;114716475;20188105;114716475;00419048;31.03.20190;01.03.2019;31.03.2019;33,60;0,00;0,00;0,00;0;0,00;0,00;33,60;0,00;
ARS20190301082039.BILL;65;114716476;20188405;114716476;00419049;31.03.20190;01.03.2019;31.03.2019;0,00;0,00;0,00;0,00;0;0,00;0,00;0,00;0,00;
ARS20190301082039.BILL;66;114716529;20217305;114716529;00419050;31.03.20190;01.03.2019;31.03.2019;-626,69;0,00;0,00;0,00;0;0,00;0,00;-626,69;626,69;
ARS20190301082039.BILL;67;114716551;20232005;114716551;00419051;31.03.20190;01.03.2019;31.03.2019;3 590,00;0,00;0,00;0,00;0;0,00;0,00;3 590,00;0,00;
ARS20190301082039.BILL;68;114716593;20256405;114716593;00419052;31.03.20190;01.03.2019;31.03.2019;2 590,00;0,00;0,00;0,00;0;0,00;0,00;2 590,00;0,00;
ARS20190301082039.BILL;69;114716599;20260605;114716599;00419053;31.03.20190;01.03.2019;31.03.2019;-298 571,23;0,00;0,00;0,00;0;0,00;0,00;-298 571,23;298 571,23;
ARS20190301082039.BILL;70;114716630;20277705;114716630;00419054;31.03.20190;01.03.2019;31.03.2019;87,17;0,00;0,00;0,00;0;0,00;0,00;87,17;0,00;
ARS20190301082039.BILL;71;114716639;20282805;114716639;00419055;31.03.20190;01.03.2019;31.03.2019;79,13;0,00;0,00;0,00;0;0,00;0,00;79,13;0,00;
ARS20190301082039.BILL;72;114716728;20346005;114716728;00419057;31.03.20190;01.03.2019;31.03.2019;681,04;0,00;0,00;0,00;0;0,00;0,00;681,04;0,00;
ARS20190301082039.BILL;73;114716748;20359605;114716748;00419058;31.03.20190;01.03.2019;31.03.2019;-170 599,92;0,00;0,00;0,00;0;0,00;0,00;-170 599,92;170 599,92;
ARS20190301082039.BILL;74;114716796;20396305;114716796;00419059;31.03.20190;01.03.2019;31.03.2019;-44 517,27;0,00;0,00;0,00;0;0,00;0,00;-44 517,27;44 517,27;
ARS20190301082039.BILL;75;114716798;20396805;114716798;00419060;31.03.20190;01.03.2019;31.03.2019;0,30;0,00;0,00;0,00;0;0,00;0,00;0,30;0,00;
ARS20190301082039.BILL;76;114716813;20405105;114716813;00419061;31.03.20190;01.03.2019;31.03.2019;0,00;0,00;0,00;0,00;0;0,00;0,00;0,00;0,00;
ARS20190301082039.BILL;77;114716820;20408505;114716820;00419062;31.03.20190;01.03.2019;31.03.2019;0,74;0,00;0,00;0,00;0;0,00;0,00;0,74;0,00;
ARS20190301082039.BILL;78;114716827;20410805;114716827;00419063;31.03.20190;01.03.2019;31.03.2019;56,55;0,00;0,00;0,00;0;0,00;0,00;56,55;0,00;
ARS20190301082039.BILL;79;114716864;20430305;114716864;00419065;31.03.20190;01.03.2019;31.03.2019;1 338,24;0,00;0,00;0,00;0;0,00;0,00;1 338,24;0,00;
ARS20190301082039.BILL;80;114716865;20430605;114716865;00419066;31.03.20190;01.03.2019;31.03.2019;-1 563,76;3 609,00;0,00;0,00;0;2 000,00;0,00;45,24;0,00;
ARS20190301082039.BILL;81;114716878;20434505;114716878;00419069;31.03.20190;01.03.2019;31.03.2019;-3 319,77;0,00;0,00;0,00;0;0,00;0,00;-3 319,77;3 319,77;
ARS20190301082039.BILL;82;114716894;20442305;114716894;00419070;31.03.20190;01.03.2019;31.03.2019;-479,06;0,00;0,00;0,00;0;0,00;0,00;-479,06;479,06;
ARS20190301082039.BILL;83;114716901;20445705;114716901;00419071;31.03.20190;01.03.2019;31.03.2019;-483,30;0,00;0,00;0,00;0;0,00;0,00;-483,30;483,30;
ARS20190301082039.BILL;84;114716924;20456505;114716924;00419072;31.03.20190;01.03.2019;31.03.2019;-6 268,25;0,00;0,00;0,00;0;0,00;0,00;-6 268,25;6 268,25;
ARS20190301082039.BILL;85;114716926;20458205;114716926;00419073;31.03.20190;01.03.2019;31.03.2019;0,00;0,00;0,00;0,00;0;0,00;0,00;0,00;0,00;
ARS20190301082039.BILL;86;114716933;20464705;114716933;00419074;31.03.20190;01.03.2019;31.03.2019;2 447,19;1 930,00;0,00;0,00;0;2 000,00;0,00;2 377,19;0,00;
ARS20190301082039.BILL;87;114716937;20468005;114716937;00419075;31.03.20190;01.03.2019;31.03.2019;-358 408,25;0,00;0,00;0,00;0;0,00;0,00;-358 408,25;358 408,25;
ARS20190301082039.BILL;88;114716961;20483505;114716961;00419077;31.03.20190;01.03.2019;31.03.2019;-15 699,36;0,00;0,00;0,00;0;0,00;0,00;-15 699,36;15 699,36;
ARS20190301082039.BILL;89;114717057;20557005;114717057;00419078;31.03.20190;01.03.2019;31.03.2019;-2 322,58;0,00;0,00;0,00;0;0,00;0,00;-2 322,58;2 322,58;
ARS20190301082039.BILL;90;114717101;20589005;114717101;00419079;31.03.20190;01.03.2019;31.03.2019;-1 382,35;0,00;0,00;0,00;0;0,00;0,00;-1 382,35;1 382,35;
ARS20190301082039.BILL;91;114717131;20605205;114717131;00419080;31.03.20190;01.03.2019;31.03.2019;0,00;0,00;0,00;0,00;0;0,00;0,00;0,00;0,00;
ARS20190301082039.BILL;92;114717132;20606005;114717132;00419081;31.03.20190;01.03.2019;31.03.2019;-43 840,77;0,00;0,00;0,00;0;0,00;0,00;-43 840,77;43 840,77;
ARS20190301082039.BILL;93;114717135;20607705;114717135;00419082;31.03.20190;01.03.2019;31.03.2019;-14,07;0,00;0,00;0,00;0;0,00;0,00;-14,07;14,07;
ARS20190301082039.BILL;94;114717139;20609305;114717139;00419083;31.03.20190;01.03.2019;31.03.2019;0,31;0,00;0,00;0,00;0;0,00;0,00;0,31;0,00;
ARS20190301082039.BILL;95;114717242;20681205;114717242;00419084;31.03.20190;01.03.2019;31.03.2019;-277,68;0,00;0,00;0,00;0;0,00;0,00;-277,68;277,68;
ARS20190301082039.BILL;96;114717280;20699305;114717280;00419086;31.03.20190;01.03.2019;31.03.2019;86 066,82;0,00;0,00;0,00;0;0,00;0,00;86 066,82;0,00;
ARS20190301082039.BILL;97;114717357;20760505;114717357;00419087;31.03.20190;01.03.2019;31.03.2019;4 168,36;3 500,00;0,00;0,00;0;3 500,00;0,00;4 168,36;0,00;
ARS20190301082039.BILL;98;114717381;20781905;114717381;00419088;31.03.20190;01.03.2019;31.03.2019;0,00;0,00;0,00;0,00;0;0,00;0,00;0,00;0,00;
ARS20190301082039.BILL;99;114717382;20782005;114717382;00419089;31.03.20190;01.03.2019;31.03.2019;0,00;0,00;0,00;0,00;0;0,00;0,00;0,00;0,00;
ARS20190301082039.BILL;100;114717385;20784605;114717385;00419090;31.03.20190;01.03.2019;31.03.2019;-566,29;0,00;0,00;0,00;0;0,00;0,00;-566,29;566,29;
ARS20190301082039.BILL;101;114717393;20789305;114717393;00419091;31.03.20190;01.03.2019;31.03.2019;4,98;0,00;0,00;0,00;0;0,00;0,00;4,98;0,00;
ARS20190301082039.BILL;102;114717433;20810105;114717433;00419092;31.03.20190;01.03.2019;31.03.2019;1 292,00;0,00;0,00;0,00;0;0,00;0,00;1 292,00;0,00;
ARS20190301082039.BILL;103;114717556;20883205;114717556;00419097;31.03.20190;01.03.2019;31.03.2019;192,81;0,00;0,00;0,00;0;0,00;0,00;192,81;0,00;
ARS20190301082039.BILL;104;114717576;20894905;114717576;00419098;31.03.20190;01.03.2019;31.03.2019;0,00;0,00;0,00;0,00;0;0,00;0,00;0,00;0,00;
ARS20190301082039.BILL;105;114717637;20928105;114717637;00419099;31.03.20190;01.03.2019;31.03.2019;158,36;0,00;0,00;0,00;0;0,00;0,00;158,36;0,00;
ARS20190301082039.BILL;106;114717662;20939205;114717662;00419100;31.03.20190;01.03.2019;31.03.2019;-1 260,00;0,00;0,00;0,00;0;0,00;0,00;-1 260,00;1 260,00;
ARS20190301082039.BILL;107;114717743;20985605;114717743;00419101;31.03.20190;01.03.2019;31.03.2019;62 360,97;30 000,00;0,00;0,00;0;4 792,93;0,00;87 568,04;0,00;
ARS20190301082039.BILL;108;114717754;20992405;114717754;00419102;31.03.20190;01.03.2019;31.03.2019;-2 000,00;2 000,00;0,00;0,00;0;2 000,00;0,00;-2 000,00;2 000,00;
ARS20190301082039.BILL;109;114717768;21001805;114717768;00419103;31.03.20190;01.03.2019;31.03.2019;-1 212,68;550,56;0,00;0,00;0;514,10;0,00;-1 176,22;1 176,22;
ARS20190301082039.BILL;110;114717865;21076605;114717865;00419105;31.03.20190;01.03.2019;31.03.2019;-216,35;10 216,35;0,00;0,00;0;8 051,66;0,00;1 948,34;0,00;
ARS20190301082039.BILL;111;114717873;21082405;114717873;00419106;31.03.20190;01.03.2019;31.03.2019;-2 566,33;0,00;0,00;0,00;0;2 637,33;0,00;-5 203,66;5 203,66;
ARS20190301082039.BILL;112;114717916;21100405;114717916;00419108;31.03.20190;01.03.2019;31.03.2019;-35 580,00;0,00;0,00;0,00;0;0,00;0,00;-35 580,00;35 580,00;
ARS20190301082039.BILL;113;114717951;21119205;114717951;00419111;31.03.20190;01.03.2019;31.03.2019;-6 759,13;0,00;0,00;0,00;0;0,00;0,00;-6 759,13;6 759,13;
ARS20190301082039.BILL;114;114717988;21148805;114717988;00419112;31.03.20190;01.03.2019;31.03.2019;-0,01;0,00;0,00;0,00;0;0,00;0,00;-0,01;0,01;
ARS20190301082039.BILL;115;114717999;21156005;114717999;00419113;31.03.20190;01.03.2019;31.03.2019;-8 224,48;0,00;0,00;0,00;0;0,00;0,00;-8 224,48;8 224,48;
ARS20190301082039.BILL;116;114718035;21175405;114718035;00419115;31.03.20190;01.03.2019;31.03.2019;1 871,08;0,00;0,00;0,00;0;0,00;0,00;1 871,08;0,00;
ARS20190301082039.BILL;117;114718069;21198305;114718069;00419117;31.03.20190;01.03.2019;31.03.2019;-15 000,00;0,00;0,00;0,00;0;0,00;0,00;-15 000,00;15 000,00;
ARS20190301082039.BILL;118;114718088;21213905;114718088;00419118;31.03.20190;01.03.2019;31.03.2019;-2 800,00;2 800,00;0,00;0,00;0;2 800,00;0,00;-2 800,00;2 800,00;
ARS20190301082039.BILL;119;114718240;21314605;114718240;00419120;31.03.20190;01.03.2019;31.03.2019;0,01;0,00;0,00;0,00;0;0,00;0,00;0,01;0,00;
ARS20190301082039.BILL;120;114718265;21336305;114718265;00419121;31.03.20190;01.03.2019;31.03.2019;-883,82;0,00;0,00;0,00;0;0,00;0,00;-883,82;883,82;
ARS20190301082039.BILL;121;114718311;21368305;114718311;00419124;31.03.20190;01.03.2019;31.03.2019;2 042,26;1 750,00;0,00;0,00;0;1 600,00;0,00;2 192,26;0,00;
ARS20190301082039.BILL;122;114718320;21375705;114718320;00419125;31.03.20190;01.03.2019;31.03.2019;95,02;0,00;0,00;0,00;0;0,00;0,00;95,02;0,00;
ARS20190301082039.BILL;123;114718328;21378705;114718328;00419126;31.03.20190;01.03.2019;31.03.2019;4,51;0,00;0,00;0,00;0;0,00;0,00;4,51;0,00;
ARS20190301082039.BILL;124;114718377;21405905;114718377;00419127;31.03.20190;01.03.2019;31.03.2019;-4 182,00;4 182,00;0,00;0,00;0;3 997,73;0,00;-3 997,73;3 997,73;
ARS20190301082039.BILL;125;114718419;21432005;114718419;00419128;31.03.20190;01.03.2019;31.03.2019;-11 122,43;0,00;0,00;0,00;0;0,00;0,00;-11 122,43;11 122,43;
ARS20190301082039.BILL;126;114718430;21438605;114718430;00419129;31.03.20190;01.03.2019;31.03.2019;-543,62;0,00;0,00;0,00;0;0,00;0,00;-543,62;543,62;
ARS20190301082039.BILL;127;114718462;21454905;114718462;00419130;31.03.20190;01.03.2019;31.03.2019;-19 767,09;0,00;0,00;0,00;0;0,00;0,00;-19 767,09;19 767,09;
ARS20190301082039.BILL;128;114718532;21493205;114718532;00419133;31.03.20190;01.03.2019;31.03.2019;-96 149,91;0,00;0,00;0,00;0;3 000,00;0,00;-99 149,91;99 149,91;
ARS20190301082039.BILL;129;114719584;21496319;114719584;00419254;31.03.20190;01.03.2019;31.03.2019;7 760,27;0,00;0,00;0,00;0;0,00;0,00;7 760,27;0,00;
ARS20190301082039.BILL;130;114719585;21496344;114719585;00419255;31.03.20190;01.03.2019;31.03.2019;1 217,16;0,00;0,00;0,00;0;0,00;0,00;1 217,16;0,00;
ARS20190301082039.BILL;131;114719588;21497994;114719588;00419258;31.03.20190;01.03.2019;31.03.2019;448,00;0,00;0,00;0,00;0;0,00;0,00;448,00;0,00;
ARS20190301082039.BILL;132;114719589;21498061;114719589;00419259;31.03.20190;01.03.2019;31.03.2019;657,01;0,00;0,00;0,00;0;0,00;0,00;657,01;0,00;
ARS20190301082039.BILL;133;114719590;21498263;114719590;00419260;31.03.20190;01.03.2019;31.03.2019;8 281,44;0,00;0,00;0,00;0;0,00;0,00;8 281,44;0,00;
ARS20190301082039.BILL;134;114718609;21565505;114718609;00419137;31.03.20190;01.03.2019;31.03.2019;-249,10;0,00;0,00;0,00;0;0,00;0,00;-249,10;249,10;
ARS20190301082039.BILL;135;114718629;21576405;114718629;00419138;31.03.20190;01.03.2019;31.03.2019;-3 500,00;3 500,00;0,00;0,00;0;3 500,00;0,00;-3 500,00;3 500,00;
ARS20190301082039.BILL;136;114718672;21602205;114718672;00419141;31.03.20190;01.03.2019;31.03.2019;0,00;0,00;0,00;0,00;0;0,00;0,00;0,00;0,00;
ARS20190301082039.BILL;137;114718677;21604805;114718677;00419142;31.03.20190;01.03.2019;31.03.2019;-67,47;0,00;0,00;0,00;0;0,00;0,00;-67,47;67,47;
ARS20190301082039.BILL;138;114718682;21606905;114718682;00419143;31.03.20190;01.03.2019;31.03.2019;54,10;0,00;0,00;0,00;0;0,00;0,00;54,10;0,00;
ARS20190301082039.BILL;139;114718712;21629405;114718712;00419144;31.03.20190;01.03.2019;31.03.2019;0,00;0,00;0,00;0,00;0;0,00;0,00;0,00;0,00;
ARS20190301082039.BILL;140;114718731;21646505;114718731;00419145;31.03.20190;01.03.2019;31.03.2019;-2 368,30;0,00;0,00;0,00;0;0,00;0,00;-2 368,30;2 368,30;
ARS20190301082039.BILL;141;114718744;21651905;114718744;00419146;31.03.20190;01.03.2019;31.03.2019;0,00;0,00;0,00;0,00;0;0,00;0,00;0,00;0,00;
ARS20190301082039.BILL;142;114718761;21667105;114718761;00419147;31.03.20190;01.03.2019;31.03.2019;-10 278,88;0,00;0,00;0,00;0;0,00;0,00;-10 278,88;10 278,88;
ARS20190301082039.BILL;143;114718770;21672205;114718770;00419148;31.03.20190;01.03.2019;31.03.2019;3 038,92;1 518,10;0,00;0,00;0;1 688,96;0,00;2 868,06;0,00;
ARS20190301082039.BILL;144;114718774;21675005;114718774;00419150;31.03.20190;01.03.2019;31.03.2019;51 461,04;0,00;0,00;0,00;0;0,00;0,00;51 461,04;0,00;
ARS20190301082039.BILL;145;114718782;21679305;114718782;00419151;31.03.20190;01.03.2019;31.03.2019;0,00;0,00;0,00;0,00;0;0,00;0,00;0,00;0,00;
ARS20190301082039.BILL;146;114718804;21698005;114718804;00419152;31.03.20190;01.03.2019;31.03.2019;-72 000,00;0,00;0,00;0,00;0;1 500,00;0,00;-73 500,00;73 500,00;
ARS20190301082039.BILL;147;114718837;21711605;114718837;00419153;31.03.20190;01.03.2019;31.03.2019;-62 814,13;0,00;0,00;0,00;0;0,00;0,00;-62 814,13;62 814,13;
ARS20190301082039.BILL;148;114718856;21721805;114718856;00419155;31.03.20190;01.03.2019;31.03.2019;239,94;200,00;0,00;0,00;0;200,00;0,00;239,94;0,00;
ARS20190301082039.BILL;149;114718882;21739805;114718882;00419156;31.03.20190;01.03.2019;31.03.2019;1 018,87;0,00;0,00;0,00;0;0,00;0,00;1 018,87;0,00;
ARS20190301082039.BILL;150;114718920;21759305;114718920;00419157;31.03.20190;01.03.2019;31.03.2019;-9 003,00;0,00;0,00;0,00;0;14,00;0,00;-9 017,00;9 017,00;
ARS20190301082039.BILL;151;114718940;21767505;114718940;00419159;31.03.20190;01.03.2019;31.03.2019;4,34;0,00;0,00;0,00;0;0,00;0,00;4,34;0,00;
ARS20190301082039.BILL;152;114718948;21770005;114718948;00419160;31.03.20190;01.03.2019;31.03.2019;49,36;0,00;0,00;0,00;0;2 000,00;0,00;-1 950,64;1 950,64;
ARS20190301082039.BILL;153;114719010;21804905;114719010;00419163;31.03.20190;01.03.2019;31.03.2019;-15 432,73;0,00;0,00;0,00;0;0,00;0,00;-15 432,73;15 432,73;
ARS20190301082039.BILL;154;114719054;21825505;114719054;00419166;31.03.20190;01.03.2019;31.03.2019;0,73;0,00;0,00;0,00;0;0,00;0,00;0,73;0,00;
ARS20190301082039.BILL;155;114719061;21832105;114719061;00419167;31.03.20190;01.03.2019;31.03.2019;-28 238,84;0,00;0,00;0,00;0;0,00;0,00;-28 238,84;28 238,84;
ARS20190301082039.BILL;156;114719090;22143904;114719090;00419170;31.03.20190;01.03.2019;31.03.2019;-6 424,49;6 424,49;0,00;0,00;0;0,00;0,00;0,00;0,00;
ARS20190301082039.BILL;157;114719098;22146004;114719098;00419171;31.03.20190;01.03.2019;31.03.2019;-1 222,46;0,00;0,00;0,00;0;0,00;0,00;-1 222,46;1 222,46;
ARS20190301082039.BILL;158;114719122;22156304;114719122;00419172;31.03.20190;01.03.2019;31.03.2019;-5 000,00;0,00;0,00;0,00;0;5 000,00;0,00;-10 000,00;10 000,00;
ARS20190301082039.BILL;159;114719135;22163804;114719135;00419173;31.03.20190;01.03.2019;31.03.2019;-493,15;1 200,00;0,00;0,00;0;1 200,00;0,00;-493,15;493,15;
ARS20190301082039.BILL;160;114719162;22192804;114719162;00419175;31.03.20190;01.03.2019;31.03.2019;-36 539,02;0,00;0,00;0,00;0;3 000,00;0,00;-39 539,02;39 539,02;
ARS20190301082039.BILL;161;114719187;22219704;114719187;00419176;31.03.20190;01.03.2019;31.03.2019;-20 509,00;20 659,00;0,00;0,00;0;2 991,84;20 500,00;-23 341,84;23 341,84;
ARS20190301082039.BILL;162;114719197;22262904;114719197;00419178;31.03.20190;01.03.2019;31.03.2019;1 961,52;1 000,00;371,51;0,00;0;919,03;0,00;1 670,98;0,00;
ARS20190301082039.BILL;163;114719201;22291904;114719201;00419179;31.03.20190;01.03.2019;31.03.2019;-13 642,20;0,00;0,00;0,00;0;0,00;0,00;-13 642,20;13 642,20;
ARS20190301082039.BILL;164;114719207;22309104;114719207;00419182;31.03.20190;01.03.2019;31.03.2019;-6 825,97;0,00;0,00;0,00;0;250,00;0,00;-7 075,97;7 075,97;
ARS20190301082039.BILL;165;114719224;22314104;114719224;00419184;31.03.20190;01.03.2019;31.03.2019;0,00;0,00;0,00;0,00;0;0,00;0,00;0,00;0,00;
ARS20190301082039.BILL;166;114719225;22314404;114719225;00419185;31.03.20190;01.03.2019;31.03.2019;0,00;0,00;0,00;0,00;0;0,00;0,00;0,00;0,00;
ARS20190301082039.BILL;167;114719227;22314704;114719227;00419186;31.03.20190;01.03.2019;31.03.2019;0,01;0,00;0,00;0,00;0;0,00;0,00;0,01;0,00;
ARS20190301082039.BILL;168;114719240;22318304;114719240;00419187;31.03.20190;01.03.2019;31.03.2019;-1 537,18;0,00;0,00;0,00;0;0,00;0,00;-1 537,18;1 537,18;
ARS20190301082039.BILL;169;114719258;22323904;114719258;00419188;31.03.20190;01.03.2019;31.03.2019;-251,19;0,00;0,00;0,00;0;0,00;0,00;-251,19;251,19;
ARS20190301082039.BILL;170;114719261;22324804;114719261;00419189;31.03.20190;01.03.2019;31.03.2019;2 854,14;0,00;0,00;0,00;0;0,00;0,00;2 854,14;0,00;
ARS20190301082039.BILL;171;114719287;22331704;114719287;00419190;31.03.20190;01.03.2019;31.03.2019;0,00;0,00;0,00;0,00;0;0,00;0,00;0,00;0,00;
ARS20190301082039.BILL;172;114719288;22332104;114719288;00419191;31.03.20190;01.03.2019;31.03.2019;-96,13;0,00;0,00;0,00;0;0,00;0,00;-96,13;96,13;
ARS20190301082039.BILL;173;114719294;22347704;114719294;00419192;31.03.20190;01.03.2019;31.03.2019;-2 387,47;0,00;0,00;0,00;0;0,00;0,00;-2 387,47;2 387,47;
ARS20190301082039.BILL;174;114719299;22407304;114719299;00419193;31.03.20190;01.03.2019;31.03.2019;-2 604,58;0,00;0,00;0,00;0;0,00;0,00;-2 604,58;2 604,58;
ARS20190301082039.BILL;175;114719307;22428704;114719307;00419196;31.03.20190;01.03.2019;31.03.2019;-8 046,51;0,00;0,00;0,00;0;0,00;0,00;-8 046,51;8 046,51;
ARS20190301082039.BILL;176;114719309;22446804;114719309;00419198;31.03.20190;01.03.2019;31.03.2019;100,00;0,00;0,00;0,00;0;0,00;0,00;100,00;0,00;
ARS20190301082039.BILL;177;114719312;22464604;114719312;00419200;31.03.20190;01.03.2019;31.03.2019;-27 937,52;0,00;0,00;0,00;0;0,00;0,00;-27 937,52;27 937,52;
ARS20190301082039.BILL;178;114719316;22471004;114719316;00419201;31.03.20190;01.03.2019;31.03.2019;5 347,03;0,00;0,00;0,00;0;0,00;0,00;5 347,03;0,00;
ARS20190301082039.BILL;179;114719317;22472504;114719317;00419202;31.03.20190;01.03.2019;31.03.2019;-500,00;500,00;0,00;0,00;0;511,55;0,00;-511,55;511,55;
ARS20190301082039.BILL;180;114719318;22472804;114719318;00419203;31.03.20190;01.03.2019;31.03.2019;-10 555,19;0,00;0,00;0,00;0;3 000,00;0,00;-13 555,19;13 555,19;
ARS20190301082039.BILL;181;114719322;22474904;114719322;00419204;31.03.20190;01.03.2019;31.03.2019;-3 937,68;2 000,00;0,00;0,00;0;2 000,00;0,00;-3 937,68;3 937,68;
ARS20190301082039.BILL;182;114719336;22488104;114719336;00419205;31.03.20190;01.03.2019;31.03.2019;-19 362,93;19 362,93;0,00;0,00;0;3 049,91;0,00;-3 049,91;3 049,91;
ARS20190301082039.BILL;183;114719343;22491504;114719343;00419206;31.03.20190;01.03.2019;31.03.2019;-329,18;0,00;0,00;0,00;0;0,00;0,00;-329,18;329,18;
ARS20190301082039.BILL;184;114719347;22495004;114719347;00419207;31.03.20190;01.03.2019;31.03.2019;0,00;0,00;0,00;0,00;0;0,00;0,00;0,00;0,00;
ARS20190301082039.BILL;185;114719353;22498304;114719353;00419208;31.03.20190;01.03.2019;31.03.2019;-3 946,88;0,00;0,00;0,00;0;0,00;0,00;-3 946,88;3 946,88;
ARS20190301082039.BILL;186;114719359;22508404;114719359;00419210;31.03.20190;01.03.2019;31.03.2019;0,00;0,00;0,00;0,00;0;0,00;0,00;0,00;0,00;
ARS20190301082039.BILL;187;114719360;22515404;114719360;00419211;31.03.20190;01.03.2019;31.03.2019;-0,17;0,00;0,00;0,00;0;0,00;0,00;-0,17;0,17;
ARS20190301082039.BILL;188;114719361;22519704;114719361;00419212;31.03.20190;01.03.2019;31.03.2019;-68 871,47;0,00;0,00;0,00;0;2 000,00;0,00;-70 871,47;70 871,47;
ARS20190301082039.BILL;189;114719362;22521004;114719362;00419213;31.03.20190;01.03.2019;31.03.2019;-14,97;0,00;0,00;0,00;0;300,00;0,00;-314,97;314,97;
ARS20190301082039.BILL;190;114719363;22522204;114719363;00419214;31.03.20190;01.03.2019;31.03.2019;-32 197,68;49 650,00;0,00;0,00;0;17 128,18;16 500,00;-16 175,86;16 175,86;
ARS20190301082039.BILL;191;114719375;22537504;114719375;00419216;31.03.20190;01.03.2019;31.03.2019;-1 704,27;0,00;0,00;0,00;0;0,00;0,00;-1 704,27;1 704,27;
ARS20190301082039.BILL;192;114719381;22557504;114719381;00419217;31.03.20190;01.03.2019;31.03.2019;18,43;0,00;0,00;0,00;0;300,00;0,00;-281,57;281,57;
ARS20190301082039.BILL;193;114719389;22561404;114719389;00419218;31.03.20190;01.03.2019;31.03.2019;-4 000,00;4 000,00;0,00;0,00;0;4 000,00;0,00;-4 000,00;4 000,00;
ARS20190301082039.BILL;194;114719393;22562604;114719393;00419219;31.03.20190;01.03.2019;31.03.2019;-51 134,15;0,00;0,00;0,00;0;0,00;0,00;-51 134,15;51 134,15;
ARS20190301082039.BILL;195;114719396;22563804;114719396;00419220;31.03.20190;01.03.2019;31.03.2019;22 901,44;0,00;0,00;0,00;0;0,00;0,00;22 901,44;0,00;
ARS20190301082039.BILL;196;114719593;22564338;114719593;00419263;31.03.20190;01.03.2019;31.03.2019;4 234,45;0,00;0,00;0,00;0;0,00;0,00;4 234,45;0,00;
ARS20190301082039.BILL;197;114719596;22564353;114719596;00419266;31.03.20190;01.03.2019;31.03.2019;899,04;0,00;0,00;0,00;0;0,00;0,00;899,04;0,00;
ARS20190301082039.BILL;198;114719599;22564370;114719599;00419269;31.03.20190;01.03.2019;31.03.2019;4 669,72;0,00;0,00;0,00;0;0,00;0,00;4 669,72;0,00;
ARS20190301082039.BILL;199;114719404;22566804;114719404;00419221;31.03.20190;01.03.2019;31.03.2019;-26 367,79;22 000,00;0,00;0,00;0;10 999,00;0,00;-15 366,79;15 366,79;
ARS20190301082039.BILL;200;114719411;22570204;114719411;00419222;31.03.20190;01.03.2019;31.03.2019;-9 778,99;0,00;0,00;0,00;0;0,00;0,00;-9 778,99;9 778,99;
ARS20190301082039.BILL;201;114719416;22576504;114719416;00419223;31.03.20190;01.03.2019;31.03.2019;-0,01;0,00;0,00;0,00;0;0,00;0,00;-0,01;0,01;
ARS20190301082039.BILL;202;114719432;22584604;114719432;00419224;31.03.20190;01.03.2019;31.03.2019;40,32;0,00;0,00;0,00;0;0,00;0,00;40,32;0,00;
ARS20190301082039.BILL;203;114719462;22617704;114719462;00419226;31.03.20190;01.03.2019;31.03.2019;-19 412,05;0,00;0,00;0,00;0;9 590,00;0,00;-29 002,05;29 002,05;
ARS20190301082039.BILL;204;114719463;22625204;114719463;00419227;31.03.20190;01.03.2019;31.03.2019;-0,01;0,00;0,00;0,00;0;0,00;0,00;-0,01;0,01;
ARS20190301082039.BILL;205;114719468;22642904;114719468;44741741;31.03.20190;01.03.2019;31.03.2019;0,01;0,00;0,00;0,00;0;0,00;0,00;0,01;0,00;
ARS20190301082039.BILL;206;114719473;22651804;114719473;00419230;31.03.20190;01.03.2019;31.03.2019;219,98;200,00;0,00;0,00;0;200,00;0,00;219,98;0,00;
ARS20190301082039.BILL;207;114719483;22667804;114719483;00419232;31.03.20190;01.03.2019;31.03.2019;-2 098,62;0,00;0,00;0,00;0;0,00;0,00;-2 098,62;2 098,62;
ARS20190301082039.BILL;208;114719486;22694504;114719486;00419233;31.03.20190;01.03.2019;31.03.2019;3 529,69;1 500,00;0,00;0,00;0;1 134,86;0,00;3 894,83;0,00;
ARS20190301082039.BILL;209;114719491;22725004;114719491;00419234;31.03.20190;01.03.2019;31.03.2019;-4 276,85;2 700,00;0,00;0,00;0;2 000,00;0,00;-3 576,85;3 576,85;
ARS20190301082039.BILL;210;114719493;22749004;114719493;00419235;31.03.20190;01.03.2019;31.03.2019;-12 133,33;0,00;0,00;0,00;0;0,00;0,00;-12 133,33;12 133,33;
ARS20190301082039.BILL;211;114719496;22757404;114719496;00419236;31.03.20190;01.03.2019;31.03.2019;-2 091,48;0,00;0,00;0,00;0;0,00;0,00;-2 091,48;2 091,48;
ARS20190301082039.BILL;212;114719513;22907104;114719513;00419238;31.03.20190;01.03.2019;31.03.2019;0,00;0,00;0,00;0,00;0;0,00;0,00;0,00;0,00;
ARS20190301082039.BILL;213;114719532;22960404;114719532;00419239;31.03.20190;01.03.2019;31.03.2019;0,00;0,00;0,00;0,00;0;0,00;0,00;0,00;0,00;
ARS20190301082039.BILL;214;114719549;23012204;114719549;00419243;31.03.20190;01.03.2019;31.03.2019;0,00;0,00;0,00;0,00;0;0,00;0,00;0,00;0,00;
ARS20190301082039.BILL;215;114719565;23076604;114719565;00419246;31.03.20190;01.03.2019;31.03.2019;-935,49;0,00;0,00;0,00;0;0,00;0,00;-935,49;935,49;
ARS20190301082039.BILL;216;114719566;23093604;114719566;00419247;31.03.20190;01.03.2019;31.03.2019;3 215,40;0,00;0,00;0,00;0;0,00;0,00;3 215,40;0,00;
ARS20190301082039.BILL;217;114719579;23167704;114719579;00419251;31.03.20190;01.03.2019;31.03.2019;-2 800,00;2 800,00;0,00;0,00;0;2 800,00;0,00;-2 800,00;2 800,00;
ARS20190301082039.BILL;218;114719582;23175304;114719582;00419252;31.03.20190;01.03.2019;31.03.2019;-1 379,33;2 000,00;0,00;0,00;0;2 000,00;0,00;-1 379,33;1 379,33;
ARS20190301082039.BILL;219;114719601;25000104;114719601;00419271;31.03.20190;01.03.2019;31.03.2019;-142 106,97;0,00;0,00;0,00;0;0,00;0,00;-142 106,97;142 106,97;
ARS20190301082039.BILL;220;114719004;25000388;114719004;00419162;31.03.20190;01.03.2019;31.03.2019;-32 473,75;0,00;0,00;0,00;0;0,00;0,00;-32 473,75;32 473,75;
ARS20190301082039.BILL;221;114716313;25020028;114716313;00419044;31.03.20190;01.03.2019;31.03.2019;2 100,00;0,00;0,00;0,00;0;4 500,00;0,00;-2 400,00;2 400,00;
ARS20190301082039.BILL;222;114719538;25048739;114719538;00419240;31.03.20190;01.03.2019;31.03.2019;0,00;0,00;0,00;0,00;0;0,00;0,00;0,00;0,00;
ARS20190301082039.BILL;223;114719206;25055821;114719206;00419181;31.03.20190;01.03.2019;31.03.2019;18 385,65;0,00;0,00;0,00;0;1 001,60;0,00;17 384,05;0,00;
ARS20190301082039.BILL;224;114719140;25068728;114719140;00419174;31.03.20190;01.03.2019;31.03.2019;6,89;0,00;0,00;0,00;0;0,00;0,00;6,89;0,00;
ARS20190301082039.BILL;225;114717245;25077047;114717245;00419085;31.03.20190;01.03.2019;31.03.2019;0,00;0,00;0,00;0,00;0;0,00;0,00;0,00;0,00;
ARS20190301082039.BILL;226;114718279;25149765;114718279;00419122;31.03.20190;01.03.2019;31.03.2019;-38,84;0,00;0,00;0,00;0;0,00;0,00;-38,84;38,84;
ARS20190301082039.BILL;227;114719369;25152980;114719369;00419215;31.03.20190;01.03.2019;31.03.2019;-943,83;0,00;0,00;0,00;0;0,00;0,00;-943,83;943,83;
ARS20190301082039.BILL;228;114719539;25170292;114719539;00419241;31.03.20190;01.03.2019;31.03.2019;0,00;0,00;0,00;0,00;0;0,00;0,00;0,00;0,00;
ARS20190301082039.BILL;229;114718633;25247747;114718633;00419139;31.03.20190;01.03.2019;31.03.2019;-64,51;0,00;0,00;0,00;0;0,00;0,00;-64,51;64,51;
ARS20190301082039.BILL;230;114716952;25288443;114716952;00419076;31.03.20190;01.03.2019;31.03.2019;0,00;0,00;0,00;0,00;0;0,00;0,00;0,00;0,00;
ARS20190301082039.BILL;231;114719310;25301579;114719310;00419199;31.03.20190;01.03.2019;31.03.2019;216,24;0,00;0,00;0,00;0;0,00;0,00;216,24;0,00;
ARS20190301082039.BILL;232;114719304;25336151;114719304;00419195;31.03.20190;01.03.2019;31.03.2019;952,01;200,00;0,00;0,00;0;201,00;0,00;951,01;0,00;
ARS20190301082039.BILL;233;114719604;25367905;114719604;00419273;31.03.20190;01.03.2019;31.03.2019;-400,00;400,00;0,00;0,00;0;200,00;0,00;-200,00;200,00;
ARS20190301082039.BILL;234;114719603;25368742;114719603;00419272;31.03.20190;01.03.2019;31.03.2019;148,32;0,00;0,00;0,00;0;0,00;0,00;148,32;0,00;
ARS20190301082039.BILL;235;114719605;25371992;114719605;00419274;31.03.20190;01.03.2019;31.03.2019;-6 000,00;2 000,00;0,00;0,00;0;2 000,00;0,00;-6 000,00;6 000,00;
ARS20190301082039.BILL;236;114719611;25375345;114719611;00419275;31.03.20190;01.03.2019;31.03.2019;1 293,30;3 500,00;0,00;0,00;0;3 500,00;0,00;1 293,30;0,00;
ARS20190301082039.BILL;237;114719643;25391194;114719643;00419276;31.03.20190;01.03.2019;31.03.2019;-2 000,00;2 000,00;0,00;0,00;0;2 000,00;0,00;-2 000,00;2 000,00;
ARS20190301082039.BILL;238;114719645;25391321;114719645;00419277;31.03.20190;01.03.2019;31.03.2019;0,00;0,00;0,00;0,00;0;0,00;0,00;0,00;0,00;
ARS20190301082039.BILL;239;114719647;25391785;114719647;00419278;31.03.20190;01.03.2019;31.03.2019;184,01;0,00;0,00;0,00;0;57,12;0,00;126,89;0,00;
ARS20190301082039.BILL;240;114716253;25394357;114716253;00419040;31.03.20190;01.03.2019;31.03.2019;0,00;0,00;0,00;0,00;0;0,00;0,00;0,00;0,00;
ARS20190301082039.BILL;241;114719672;25401059;114719672;00419282;31.03.20190;01.03.2019;31.03.2019;-8 604,00;0,00;0,00;0,00;0;0,00;0,00;-8 604,00;8 604,00;
ARS20190301082039.BILL;242;114719666;25401128;114719666;00419279;31.03.20190;01.03.2019;31.03.2019;-757,09;1 000,00;0,00;0,00;0;1 000,00;0,00;-757,09;757,09;
ARS20190301082039.BILL;243;114719668;25401378;114719668;00419280;31.03.20190;01.03.2019;31.03.2019;0,00;0,00;0,00;0,00;0;0,00;0,00;0,00;0,00;
ARS20190301082039.BILL;244;114719674;25403620;114719674;00419283;31.03.20190;01.03.2019;31.03.2019;-14 211,55;0,00;0,00;0,00;0;430,17;0,00;-14 641,72;14 641,72;
ARS20190301082039.BILL;245;114719677;25405152;114719677;00419284;31.03.20190;01.03.2019;31.03.2019;1 732,65;2 600,00;0,00;0,00;0;2 321,30;0,00;2 011,35;0,00;
ARS20190301082039.BILL;246;114717491;25418505;114717491;00419096;31.03.20190;01.03.2019;31.03.2019;0,00;0,00;0,00;0,00;0;0,00;0,00;0,00;0,00;
ARS20190301082039.BILL;247;114718296;25426246;114718296;00419123;31.03.20190;01.03.2019;31.03.2019;-1 999,40;0,00;0,00;0,00;0;2 000,00;0,00;-3 999,40;3 999,40;
ARS20190301082039.BILL;248;114719740;25433413;114719740;00419289;31.03.20190;01.03.2019;31.03.2019;-4 459,73;0,00;0,00;0,00;0;0,00;0,00;-4 459,73;4 459,73;
ARS20190301082039.BILL;249;114719743;25436055;114719743;00419290;31.03.20190;01.03.2019;31.03.2019;-504,31;0,00;0,00;0,00;0;0,00;0,00;-504,31;504,31;
ARS20190301082039.BILL;250;114716868;25441373;114716868;00419068;31.03.20190;01.03.2019;31.03.2019;0,00;0,00;0,00;0,00;0;0,00;0,00;0,00;0,00;
ARS20190301082039.BILL;251;114719766;25442715;114719766;00419291;31.03.20190;01.03.2019;31.03.2019;-2 000,00;0,00;0,00;0,00;0;0,00;0,00;-2 000,00;2 000,00;
ARS20190301082039.BILL;252;114719769;25443506;114719769;00419293;31.03.20190;01.03.2019;31.03.2019;1 741,94;0,00;0,00;0,00;0;0,00;0,00;1 741,94;0,00;
ARS20190301082039.BILL;253;114719767;25443896;114719767;00419292;31.03.20190;01.03.2019;31.03.2019;0,00;0,00;0,00;0,00;0;0,00;0,00;0,00;0,00;
ARS20190301082039.BILL;254;114719772;25444307;114719772;00419294;31.03.20190;01.03.2019;31.03.2019;-64,50;4 000,00;0,00;0,00;0;3 090,90;0,00;844,60;0,00;
ARS20190301082039.BILL;255;114719778;25446044;114719778;00419295;31.03.20190;01.03.2019;31.03.2019;500,00;0,00;0,00;0,00;0;0,00;0,00;500,00;0,00;
ARS20190301082039.BILL;256;114719780;25446232;114719780;00419296;31.03.20190;01.03.2019;31.03.2019;0,00;0,00;0,00;0,00;0;0,00;0,00;0,00;0,00;
ARS20190301082039.BILL;257;114719790;25447323;114719790;00419298;31.03.20190;01.03.2019;31.03.2019;0,00;0,00;0,00;0,00;0;0,00;0,00;0,00;0,00;
ARS20190301082039.BILL;258;114719793;25449042;114719793;00419300;31.03.20190;01.03.2019;31.03.2019;-1 028,78;2 500,00;0,00;0,00;0;2 299,00;0,00;-827,78;827,78;
ARS20190301082039.BILL;259;114719791;25449364;114719791;00419299;31.03.20190;01.03.2019;31.03.2019;-2 999,99;0,00;0,00;0,00;0;0,00;0,00;-2 999,99;2 999,99;
ARS20190301082039.BILL;260;114719795;25450050;114719795;00419301;31.03.20190;01.03.2019;31.03.2019;-10 000,00;5 000,00;0,00;0,00;0;43 159,10;0,00;-48 159,10;48 159,10;
ARS20190301082039.BILL;261;114719807;25452198;114719807;00419302;31.03.20190;01.03.2019;31.03.2019;0,00;0,00;0,00;0,00;0;0,00;0,00;0,00;0,00;
ARS20190301082039.BILL;262;114719820;25461782;114719820;00419303;31.03.20190;01.03.2019;31.03.2019;-19 836,08;0,00;0,00;0,00;0;0,00;0,00;-19 836,08;19 836,08;
ARS20190301082039.BILL;263;114719821;25462618;114719821;00419304;31.03.20190;01.03.2019;31.03.2019;-1 540,00;1 540,00;0,00;0,00;0;1 540,00;0,00;-1 540,00;1 540,00;
ARS20190301082039.BILL;264;114719822;25463066;114719822;00419305;31.03.20190;01.03.2019;31.03.2019;0,00;0,00;0,00;0,00;0;0,00;0,00;0,00;0,00;
ARS20190301082039.BILL;265;114719828;25463986;114719828;00419308;31.03.20190;01.03.2019;31.03.2019;0,00;0,00;0,00;0,00;0;0,00;0,00;0,00;0,00;
ARS20190301082039.BILL;266;114719825;25464463;114719825;00419307;31.03.20190;01.03.2019;31.03.2019;0,00;0,00;0,00;0,00;0;0,00;0,00;0,00;0,00;
ARS20190301082039.BILL;267;114719836;25468043;114719836;00419310;31.03.20190;01.03.2019;31.03.2019;-2 800,00;2 800,00;0,00;0,00;0;2 800,00;0,00;-2 800,00;2 800,00;
ARS20190301082039.BILL;268;114719708;25470086;114719708;00419285;31.03.20190;01.03.2019;31.03.2019;1 134,32;0,00;0,00;0,00;0;0,00;0,00;1 134,32;0,00;
ARS20190301082039.BILL;269;114719839;25470278;114719839;00419311;31.03.20190;01.03.2019;31.03.2019;0,00;0,00;0,00;0,00;0;0,00;0,00;0,00;0,00;
ARS20190301082039.BILL;270;114719843;25470538;114719843;00419312;31.03.20190;01.03.2019;31.03.2019;-76,63;0,00;0,00;0,00;0;0,00;0,00;-76,63;76,63;
ARS20190301082039.BILL;271;114719859;25476491;114719859;00419313;31.03.20190;01.03.2019;31.03.2019;-2 299,00;0,00;0,00;0,00;0;2 299,00;0,00;-4 598,00;4 598,00;
ARS20190301082039.BILL;272;114719860;25477009;114719860;00419314;31.03.20190;01.03.2019;31.03.2019;5,00;0,00;0,00;0,00;0;0,00;0,00;5,00;0,00;
ARS20190301082039.BILL;273;114717936;25479065;114717936;00419110;31.03.20190;01.03.2019;31.03.2019;-1 930,18;0,00;0,00;0,00;0;0,00;0,00;-1 930,18;1 930,18;
ARS20190301082039.BILL;274;114719861;25479158;114719861;00419315;31.03.20190;01.03.2019;31.03.2019;0,00;0,00;0,00;0,00;0;0,00;0,00;0,00;0,00;
ARS20190301082039.BILL;275;114719866;25481109;114719866;00419316;31.03.20190;01.03.2019;31.03.2019;1 375,00;0,00;0,00;0,00;0;0,00;0,00;1 375,00;0,00;
ARS20190301082039.BILL;276;114719868;25481523;114719868;00419317;31.03.20190;01.03.2019;31.03.2019;-4 006,25;4 006,25;0,00;0,00;0;3 050,50;0,00;-3 050,50;3 050,50;
ARS20190301082039.BILL;277;114719871;25483992;114719871;00419318;31.03.20190;01.03.2019;31.03.2019;0,00;0,00;0,00;0,00;0;0,00;0,00;0,00;0,00;
ARS20190301082039.BILL;278;114719873;25484916;114719873;00419319;31.03.20190;01.03.2019;31.03.2019;-8 769,89;0,00;0,00;0,00;0;0,00;0,00;-8 769,89;8 769,89;
ARS20190301082039.BILL;279;114719878;25487211;114719878;00419320;31.03.20190;01.03.2019;31.03.2019;-687,50;0,00;0,00;0,00;0;0,00;0,00;-687,50;687,50;
ARS20190301082039.BILL;280;114719709;25487272;114719709;00419286;31.03.20190;01.03.2019;31.03.2019;-146,88;0,00;0,00;0,00;0;0,00;0,00;-146,88;146,88;
ARS20190301082039.BILL;281;114719891;25494786;114719891;00419321;31.03.20190;01.03.2019;31.03.2019;2 168,72;0,00;0,00;0,00;0;0,00;0,00;2 168,72;0,00;
ARS20190301082039.BILL;282;114719907;25501535;114719907;00419322;31.03.20190;01.03.2019;31.03.2019;-11 608,48;0,00;0,00;0,00;0;0,00;0,00;-11 608,48;11 608,48;
ARS20190301082039.BILL;283;114719908;25501709;114719908;00419323;31.03.20190;01.03.2019;31.03.2019;0,00;2 000,00;0,00;0,00;0;2 000,00;0,00;0,00;0,00;
ARS20190301082039.BILL;284;114719929;25511212;114719929;00419324;31.03.20190;01.03.2019;31.03.2019;6 114,99;0,00;0,00;0,00;0;0,00;0,00;6 114,99;0,00;
ARS20190301082039.BILL;285;114719931;25514855;114719931;00419325;31.03.20190;01.03.2019;31.03.2019;-2 634,16;2 634,16;0,00;0,00;0;2 565,59;0,00;-2 565,59;2 565,59;
ARS20190301082039.BILL;286;114717934;25518096;114717934;00419109;31.03.20190;01.03.2019;31.03.2019;-2 472,69;1 500,00;0,00;0,00;0;1 700,00;0,00;-2 672,69;2 672,69;
ARS20190301082039.BILL;287;114719937;25521205;114719937;00419326;31.03.20190;01.03.2019;31.03.2019;18 140,89;0,00;0,00;0,00;0;0,00;0,00;18 140,89;0,00;
ARS20190301082039.BILL;288;114719941;25523312;114719941;00419327;31.03.20190;01.03.2019;31.03.2019;-1 560,20;0,00;0,00;0,00;0;329,85;0,00;-1 890,05;1 890,05;
ARS20190301082039.BILL;289;114719946;25524340;114719946;00419328;31.03.20190;01.03.2019;31.03.2019;-3 500,00;3 500,00;0,00;0,00;0;3 500,00;0,00;-3 500,00;3 500,00;
ARS20190301082039.BILL;290;114719947;25524565;114719947;00419329;31.03.20190;01.03.2019;31.03.2019;-8 396,88;0,00;0,00;0,00;0;4 180,70;0,00;-12 577,58;12 577,58;
ARS20190301082039.BILL;291;114719949;25527800;114719949;00419330;31.03.20190;01.03.2019;31.03.2019;-4 598,00;2 299,00;0,00;0,00;0;2 299,00;0,00;-4 598,00;4 598,00;
ARS20190301082039.BILL;292;114719952;25529010;114719952;00419331;31.03.20190;01.03.2019;31.03.2019;427,08;0,00;0,00;0,00;0;651,37;0,00;-224,29;224,29;
ARS20190301082039.BILL;293;114719959;25530241;114719959;00419333;31.03.20190;01.03.2019;31.03.2019;-2 800,00;2 800,00;0,00;0,00;0;2 800,00;0,00;-2 800,00;2 800,00;
ARS20190301082039.BILL;294;114719710;25531807;114719710;00419287;31.03.20190;01.03.2019;31.03.2019;-463,96;0,00;0,00;0,00;0;0,00;0,00;-463,96;463,96;
ARS20190301082039.BILL;295;114719956;25532431;114719956;00419332;31.03.20190;01.03.2019;31.03.2019;-5 996,49;5 999,00;0,00;0,00;0;6 096,75;0,00;-6 094,24;6 094,24;
ARS20190301082039.BILL;296;114716421;25535192;114716421;00419047;31.03.20190;01.03.2019;31.03.2019;0,00;0,00;0,00;0,00;0;0,00;0,00;0,00;0,00;
ARS20190301082039.BILL;297;114719962;25535996;114719962;00419334;31.03.20190;01.03.2019;31.03.2019;-3 674,97;0,00;0,00;0,00;0;0,00;0,00;-3 674,97;3 674,97;
ARS20190301082039.BILL;298;114719972;25539715;114719972;00419336;31.03.20190;01.03.2019;31.03.2019;0,00;0,00;0,00;0,00;0;0,00;0,00;0,00;0,00;
ARS20190301082039.BILL;299;114719971;25540266;114719971;00419335;31.03.20190;01.03.2019;31.03.2019;0,00;0,00;0,00;0,00;0;0,00;0,00;0,00;0,00;
ARS20190301082039.BILL;300;114719979;25544489;114719979;00419337;31.03.20190;01.03.2019;31.03.2019;0,00;0,00;0,00;0,00;0;0,00;0,00;0,00;0,00;
ARS20190301082039.BILL;301;114719981;25544617;114719981;00419338;31.03.20190;01.03.2019;31.03.2019;-6 000,00;2 000,00;0,00;0,00;0;2 000,00;0,00;-6 000,00;6 000,00;
ARS20190301082039.BILL;302;114719993;25551114;114719993;00419339;31.03.20190;01.03.2019;31.03.2019;-13,51;0,00;0,00;0,00;0;0,00;0,00;-13,51;13,51;
ARS20190301082039.BILL;303;114719998;25553983;114719998;00419340;31.03.20190;01.03.2019;31.03.2019;-2 299,37;2 299,00;0,00;0,00;0;2 299,00;0,00;-2 299,37;2 299,37;
ARS20190301082039.BILL;304;114720004;25556280;114720004;00419341;31.03.20190;01.03.2019;31.03.2019;-319,58;0,00;0,00;0,00;0;0,00;0,00;-319,58;319,58;
ARS20190301082039.BILL;305;114720008;25559711;114720008;00419342;31.03.20190;01.03.2019;31.03.2019;-4 802,16;0,00;0,00;0,00;0;0,00;0,00;-4 802,16;4 802,16;
ARS20190301082039.BILL;306;114720041;25568428;114720041;00419343;31.03.20190;01.03.2019;31.03.2019;-1 414,36;2 400,00;0,00;0,00;0;2 299,00;0,00;-1 313,36;1 313,36;
ARS20190301082039.BILL;307;114720048;25572527;114720048;00419344;31.03.20190;01.03.2019;31.03.2019;-6 000,00;2 000,00;0,00;0,00;0;2 000,00;0,00;-6 000,00;6 000,00;
ARS20190301082039.BILL;308;114720064;25576850;114720064;00419346;31.03.20190;01.03.2019;31.03.2019;-40 001,26;0,00;0,00;0,00;0;0,00;20 500,00;-60 501,26;60 501,26;
ARS20190301082039.BILL;309;114720062;25578019;114720062;00419345;31.03.20190;01.03.2019;31.03.2019;121 285,73;4 800,00;0,00;0,00;0;2 299,00;0,00;123 786,73;0,00;
ARS20190301082039.BILL;310;114720071;25579745;114720071;00419347;31.03.20190;01.03.2019;31.03.2019;-2 299,00;0,00;0,00;0,00;0;2 299,00;0,00;-4 598,00;4 598,00;
ARS20190301082039.BILL;311;114720073;25580342;114720073;00419348;31.03.20190;01.03.2019;31.03.2019;-900,00;900,00;0,00;0,00;0;900,00;0,00;-900,00;900,00;
ARS20190301082039.BILL;312;114720083;25584854;114720083;00419349;31.03.20190;01.03.2019;31.03.2019;0,00;0,00;0,00;0,00;0;0,00;0,00;0,00;0,00;
ARS20190301082039.BILL;313;114720091;25588938;114720091;00419350;31.03.20190;01.03.2019;31.03.2019;0,00;0,00;0,00;0,00;0;0,00;0,00;0,00;0,00;
ARS20190301082039.BILL;314;114720101;25591930;114720101;00419351;31.03.20190;01.03.2019;31.03.2019;-50 517,59;40 000,00;0,00;0,00;0;35 152,17;0,00;-45 669,76;45 669,76;
ARS20190301082039.BILL;315;114719088;25595622;114719088;00419169;31.03.20190;01.03.2019;31.03.2019;-12,65;0,00;0,00;0,00;0;0,00;0,00;-12,65;12,65;
ARS20190301082039.BILL;316;114720110;25595904;114720110;00419352;31.03.20190;01.03.2019;31.03.2019;6 813,07;8 400,00;0,00;0,00;0;7 492,50;0,00;7 720,57;0,00;
ARS20190301082039.BILL;317;114718847;25595983;114718847;00419154;31.03.20190;01.03.2019;31.03.2019;-0,02;0,00;0,00;0,00;0;0,00;0,00;-0,02;0,02;
ARS20190301082039.BILL;318;114720114;25597785;114720114;00419353;31.03.20190;01.03.2019;31.03.2019;804,51;0,00;0,00;0,00;0;0,00;0,00;804,51;0,00;
ARS20190301082039.BILL;319;114720122;25602188;114720122;00419355;31.03.20190;01.03.2019;31.03.2019;0,00;0,00;0,00;0,00;0;0,00;0,00;0,00;0,00;
ARS20190301082039.BILL;320;114720121;25602359;114720121;00419354;31.03.20190;01.03.2019;31.03.2019;-5 644,78;5 000,00;0,00;0,00;0;5 100,00;0,00;-5 744,78;5 744,78;
ARS20190301082039.BILL;321;114720125;25603587;114720125;00419356;31.03.20190;01.03.2019;31.03.2019;-6 580,65;6 580,65;0,00;0,00;0;6 400,00;0,00;-6 400,00;6 400,00;
ARS20190301082039.BILL;322;114720132;25607028;114720132;00419357;31.03.20190;01.03.2019;31.03.2019;1 585,07;5 000,00;0,00;0,00;0;5 240,00;0,00;1 345,07;0,00;
ARS20190301082039.BILL;323;114720133;25607106;114720133;00419358;31.03.20190;01.03.2019;31.03.2019;0,00;0,00;0,00;0,00;0;0,00;0,00;0,00;0,00;
ARS20190301082039.BILL;324;114720135;25607735;114720135;00419359;31.03.20190;01.03.2019;31.03.2019;0,00;0,00;0,00;0,00;0;0,00;0,00;0,00;0,00;
ARS20190301082039.BILL;325;114720142;25609811;114720142;00419360;31.03.20190;01.03.2019;31.03.2019;-1 178,58;50,00;0,00;0,00;0;1 532,75;0,00;-2 661,33;2 661,33;
ARS20190301082039.BILL;326;114720152;25614682;114720152;00419361;31.03.20190;01.03.2019;31.03.2019;-1 607,14;5 500,00;0,00;0,00;0;5 000,00;0,00;-1 107,14;1 107,14;
ARS20190301082039.BILL;327;114720154;25615522;114720154;00419362;31.03.20190;01.03.2019;31.03.2019;0,00;0,00;0,00;0,00;0;0,00;0,00;0,00;0,00;
ARS20190301082039.BILL;328;114720162;25618303;114720162;00419363;31.03.20190;01.03.2019;31.03.2019;0,00;0,00;0,00;0,00;0;174,89;0,00;-174,89;174,89;
ARS20190301082039.BILL;329;114720166;25619891;114720166;00419365;31.03.20190;01.03.2019;31.03.2019;-82,11;0,00;0,00;0,00;0;2 299,00;0,00;-2 381,11;2 381,11;
ARS20190301082039.BILL;330;114720165;25620066;114720165;00419364;31.03.20190;01.03.2019;31.03.2019;0,00;0,00;0,00;0,00;0;12 471,39;0,00;-12 471,39;12 471,39;
ARS20190301082039.BILL;331;114719065;25621890;114719065;00419168;31.03.20190;01.03.2019;31.03.2019;0,00;0,00;0,00;0,00;0;0,00;0,00;0,00;0,00;
ARS20190301082039.BILL;332;114720168;25622621;114720168;00419366;31.03.20190;05.03.2019;31.03.2019;0,00;0,00;0,00;0,00;0;0,00;0,00;0,00;0,00;
ARS20190301082039.BILL;333;114720206;25636060;114720206;00419367;31.03.20190;14.03.2019;31.03.2019;0,00;0,00;0,00;0,00;0;0,00;0,00;0,00;0,00;
ARS20190301082039.BILL;334;114720209;25636372;114720209;00419368;31.03.20190;15.03.2019;31.03.2019;0,00;0,00;0,00;0,00;0;247,91;0,00;-247,91;247,91;
ARS20190301082039.BILL;335;114720210;25636641;114720210;00419369;31.03.20190;18.03.2019;31.03.2019;0,00;0,00;0,00;0,00;0;1 580,64;0,00;-1 580,64;1 580,64;
ARS20190301082039.BILL;336;114716021;25640914;114716021;00419033;31.03.20190;28.03.2019;31.03.2019;0,00;0,00;0,00;0,00;0;0,00;0,00;0,00;0,00;
